15 0.0483333333 0.2375000000 0.0600000000 0.3750000000
14 0.0550000000 0.3000000000 0.0600000000 0.5000000000
18 0.0700000000 0.4875000000 0.0600000000 0.7750000000
19 0.0850000000 0.6125000000 0.0600000000 1.0250000000
26 0.1050000000 0.6875000000 0.0700000000 1.1750000000
15 0.1066666667 0.8250000000 0.0466666667 1.3500000000
14 0.1283333333 0.8625000000 0.0600000000 1.6250000000
11 0.1416666667 1.0500000000 0.0600000000 1.9000000000
8 0.1666666667 1.1500000000 0.0733333333 2.1000000000
14 0.1733333333 1.2875000000 0.0600000000 2.3750000000
15 0.0433333333 0.2750000000 0.0500000000 0.4500000000
14 0.0583333333 0.2750000000 0.0666666667 0.4500000000
18 0.0916666667 0.3250000000 0.1033333333 0.4500000000
19 0.1233333333 0.3250000000 0.1366666667 0.4500000000
26 0.1483333333 0.3625000000 0.1566666667 0.5250000000
15 0.1733333333 0.3250000000 0.1800000000 0.3500000000
14 0.2066666667 0.2750000000 0.2166666667 0.4500000000
11 0.2383333333 0.3250000000 0.2533333333 0.4500000000
8 0.2700000000 0.3750000000 0.2800000000 0.5500000000
14 0.3016666667 0.3250000000 0.3166666667 0.4500000000
